# Open Weather API
open_weather_api_key=6ac32ae53b3be1885ebf80c312f67add
lat=-34.72418
lon=-58.25265
